{
 "cells": [
  {
   "cell_type": "code",
   "execution_count": 29,
   "id": "0fb3f036",
   "metadata": {},
   "outputs": [],
   "source": [
    "#!pip install PrettyTable"
   ]
  },
  {
   "cell_type": "code",
   "execution_count": 30,
   "id": "6a10a57a",
   "metadata": {},
   "outputs": [],
   "source": [
    "import pandas as pd\n",
    "import numpy as np\n",
    "import yfinance as yf\n",
    "from scipy.optimize import minimize\n",
    "from IPython.display import display\n",
    "from prettytable import PrettyTable"
   ]
  },
  {
   "cell_type": "code",
   "execution_count": 31,
   "id": "86729b0a",
   "metadata": {},
   "outputs": [
    {
     "name": "stdout",
     "output_type": "stream",
     "text": [
      "[*********************100%***********************]  11 of 11 completed\n"
     ]
    },
    {
     "data": {
      "text/html": [
       "<div>\n",
       "<style scoped>\n",
       "    .dataframe tbody tr th:only-of-type {\n",
       "        vertical-align: middle;\n",
       "    }\n",
       "\n",
       "    .dataframe tbody tr th {\n",
       "        vertical-align: top;\n",
       "    }\n",
       "\n",
       "    .dataframe thead th {\n",
       "        text-align: right;\n",
       "    }\n",
       "</style>\n",
       "<table border=\"1\" class=\"dataframe\">\n",
       "  <thead>\n",
       "    <tr style=\"text-align: right;\">\n",
       "      <th></th>\n",
       "      <th>AAPL</th>\n",
       "      <th>AMT</th>\n",
       "      <th>AMZN</th>\n",
       "      <th>BHP.AX</th>\n",
       "      <th>BRK-A</th>\n",
       "      <th>GOOGL</th>\n",
       "      <th>NEE</th>\n",
       "      <th>UNH</th>\n",
       "      <th>UPS</th>\n",
       "      <th>WMT</th>\n",
       "      <th>XOM</th>\n",
       "    </tr>\n",
       "  </thead>\n",
       "  <tbody>\n",
       "    <tr>\n",
       "      <th>0</th>\n",
       "      <td>0.002225</td>\n",
       "      <td>0.001036</td>\n",
       "      <td>0.001187</td>\n",
       "      <td>0.000741</td>\n",
       "      <td>0.000613</td>\n",
       "      <td>0.001494</td>\n",
       "      <td>0.001239</td>\n",
       "      <td>0.001221</td>\n",
       "      <td>0.001324</td>\n",
       "      <td>0.000712</td>\n",
       "      <td>0.000327</td>\n",
       "    </tr>\n",
       "    <tr>\n",
       "      <th>1</th>\n",
       "      <td>-0.099607</td>\n",
       "      <td>0.005997</td>\n",
       "      <td>-0.025241</td>\n",
       "      <td>0.000000</td>\n",
       "      <td>-0.056098</td>\n",
       "      <td>-0.027696</td>\n",
       "      <td>-0.002473</td>\n",
       "      <td>-0.027270</td>\n",
       "      <td>-0.028392</td>\n",
       "      <td>-0.005142</td>\n",
       "      <td>-0.015354</td>\n",
       "    </tr>\n",
       "    <tr>\n",
       "      <th>2</th>\n",
       "      <td>0.042689</td>\n",
       "      <td>0.003995</td>\n",
       "      <td>0.050064</td>\n",
       "      <td>-0.008907</td>\n",
       "      <td>0.019164</td>\n",
       "      <td>0.051294</td>\n",
       "      <td>0.018417</td>\n",
       "      <td>0.011695</td>\n",
       "      <td>0.034833</td>\n",
       "      <td>0.006246</td>\n",
       "      <td>0.036870</td>\n",
       "    </tr>\n",
       "    <tr>\n",
       "      <th>3</th>\n",
       "      <td>-0.002226</td>\n",
       "      <td>0.006190</td>\n",
       "      <td>0.034353</td>\n",
       "      <td>0.030258</td>\n",
       "      <td>0.009915</td>\n",
       "      <td>-0.001994</td>\n",
       "      <td>-0.001449</td>\n",
       "      <td>0.001920</td>\n",
       "      <td>-0.003376</td>\n",
       "      <td>0.011772</td>\n",
       "      <td>0.005200</td>\n",
       "    </tr>\n",
       "    <tr>\n",
       "      <th>4</th>\n",
       "      <td>0.019063</td>\n",
       "      <td>0.011300</td>\n",
       "      <td>0.016612</td>\n",
       "      <td>0.001163</td>\n",
       "      <td>-0.003724</td>\n",
       "      <td>0.008783</td>\n",
       "      <td>0.007314</td>\n",
       "      <td>0.013371</td>\n",
       "      <td>0.000103</td>\n",
       "      <td>0.006981</td>\n",
       "      <td>0.007271</td>\n",
       "    </tr>\n",
       "    <tr>\n",
       "      <th>...</th>\n",
       "      <td>...</td>\n",
       "      <td>...</td>\n",
       "      <td>...</td>\n",
       "      <td>...</td>\n",
       "      <td>...</td>\n",
       "      <td>...</td>\n",
       "      <td>...</td>\n",
       "      <td>...</td>\n",
       "      <td>...</td>\n",
       "      <td>...</td>\n",
       "      <td>...</td>\n",
       "    </tr>\n",
       "    <tr>\n",
       "      <th>769</th>\n",
       "      <td>0.003644</td>\n",
       "      <td>-0.004002</td>\n",
       "      <td>0.000184</td>\n",
       "      <td>-0.003141</td>\n",
       "      <td>0.000148</td>\n",
       "      <td>0.003425</td>\n",
       "      <td>-0.001101</td>\n",
       "      <td>0.002530</td>\n",
       "      <td>0.017991</td>\n",
       "      <td>-0.002217</td>\n",
       "      <td>0.000492</td>\n",
       "    </tr>\n",
       "    <tr>\n",
       "      <th>770</th>\n",
       "      <td>0.000000</td>\n",
       "      <td>0.000000</td>\n",
       "      <td>0.000000</td>\n",
       "      <td>0.001454</td>\n",
       "      <td>0.000000</td>\n",
       "      <td>0.000000</td>\n",
       "      <td>0.000000</td>\n",
       "      <td>0.000000</td>\n",
       "      <td>0.000000</td>\n",
       "      <td>0.000000</td>\n",
       "      <td>0.000000</td>\n",
       "    </tr>\n",
       "    <tr>\n",
       "      <th>771</th>\n",
       "      <td>0.022975</td>\n",
       "      <td>0.025185</td>\n",
       "      <td>-0.008178</td>\n",
       "      <td>0.000000</td>\n",
       "      <td>0.005523</td>\n",
       "      <td>0.006738</td>\n",
       "      <td>0.006836</td>\n",
       "      <td>0.008317</td>\n",
       "      <td>0.013761</td>\n",
       "      <td>0.009104</td>\n",
       "      <td>0.014258</td>\n",
       "    </tr>\n",
       "    <tr>\n",
       "      <th>772</th>\n",
       "      <td>-0.005767</td>\n",
       "      <td>0.009553</td>\n",
       "      <td>0.005844</td>\n",
       "      <td>0.000000</td>\n",
       "      <td>0.005502</td>\n",
       "      <td>-0.008245</td>\n",
       "      <td>0.006132</td>\n",
       "      <td>0.006887</td>\n",
       "      <td>-0.001999</td>\n",
       "      <td>0.014351</td>\n",
       "      <td>-0.003232</td>\n",
       "    </tr>\n",
       "    <tr>\n",
       "      <th>773</th>\n",
       "      <td>0.000502</td>\n",
       "      <td>0.001352</td>\n",
       "      <td>-0.008555</td>\n",
       "      <td>0.000242</td>\n",
       "      <td>0.005632</td>\n",
       "      <td>-0.000218</td>\n",
       "      <td>0.001197</td>\n",
       "      <td>0.005249</td>\n",
       "      <td>-0.000373</td>\n",
       "      <td>-0.000490</td>\n",
       "      <td>-0.008753</td>\n",
       "    </tr>\n",
       "  </tbody>\n",
       "</table>\n",
       "<p>774 rows × 11 columns</p>\n",
       "</div>"
      ],
      "text/plain": [
       "         AAPL       AMT      AMZN    BHP.AX     BRK-A     GOOGL       NEE  \\\n",
       "0    0.002225  0.001036  0.001187  0.000741  0.000613  0.001494  0.001239   \n",
       "1   -0.099607  0.005997 -0.025241  0.000000 -0.056098 -0.027696 -0.002473   \n",
       "2    0.042689  0.003995  0.050064 -0.008907  0.019164  0.051294  0.018417   \n",
       "3   -0.002226  0.006190  0.034353  0.030258  0.009915 -0.001994 -0.001449   \n",
       "4    0.019063  0.011300  0.016612  0.001163 -0.003724  0.008783  0.007314   \n",
       "..        ...       ...       ...       ...       ...       ...       ...   \n",
       "769  0.003644 -0.004002  0.000184 -0.003141  0.000148  0.003425 -0.001101   \n",
       "770  0.000000  0.000000  0.000000  0.001454  0.000000  0.000000  0.000000   \n",
       "771  0.022975  0.025185 -0.008178  0.000000  0.005523  0.006738  0.006836   \n",
       "772 -0.005767  0.009553  0.005844  0.000000  0.005502 -0.008245  0.006132   \n",
       "773  0.000502  0.001352 -0.008555  0.000242  0.005632 -0.000218  0.001197   \n",
       "\n",
       "          UNH       UPS       WMT       XOM  \n",
       "0    0.001221  0.001324  0.000712  0.000327  \n",
       "1   -0.027270 -0.028392 -0.005142 -0.015354  \n",
       "2    0.011695  0.034833  0.006246  0.036870  \n",
       "3    0.001920 -0.003376  0.011772  0.005200  \n",
       "4    0.013371  0.000103  0.006981  0.007271  \n",
       "..        ...       ...       ...       ...  \n",
       "769  0.002530  0.017991 -0.002217  0.000492  \n",
       "770  0.000000  0.000000  0.000000  0.000000  \n",
       "771  0.008317  0.013761  0.009104  0.014258  \n",
       "772  0.006887 -0.001999  0.014351 -0.003232  \n",
       "773  0.005249 -0.000373 -0.000490 -0.008753  \n",
       "\n",
       "[774 rows x 11 columns]"
      ]
     },
     "metadata": {},
     "output_type": "display_data"
    },
    {
     "name": "stdout",
     "output_type": "stream",
     "text": [
      "AAPL      0\n",
      "AMT       0\n",
      "AMZN      0\n",
      "BHP.AX    0\n",
      "BRK-A     0\n",
      "GOOGL     0\n",
      "NEE       0\n",
      "UNH       0\n",
      "UPS       0\n",
      "WMT       0\n",
      "XOM       0\n",
      "dtype: int64\n"
     ]
    }
   ],
   "source": [
    "tickers = [\"BHP.AX\", \"GOOGL\", \"AMZN\", \"WMT\", \"XOM\", \"BRK-A\", \"UNH\", \"UPS\", \"AMT\", \"AAPL\", \"NEE\"]\n",
    "\n",
    "data = yf.download(tickers, start=\"2019-01-02\", end=\"2021-12-30\")\n",
    "\n",
    "returns = data[\"Adj Close\"].pct_change()\n",
    "returns = returns.fillna(returns.mean())\n",
    "returns.reset_index(drop=True, inplace=True)  # Reset index\n",
    "\n",
    "companies = {\n",
    "    \"BHP.AX\": \"BHP Group Limited\",\n",
    "    \"GOOGL\": \"Alphabet.com, Inc.\",\n",
    "    \"AMZN\": \"Amazon.com, Inc.\",\n",
    "    \"WMT\": \"Walmart Inc.\",\n",
    "    \"XOM\": \"Exxon Mobil Corporation\",\n",
    "    \"BRK-A\": \"Berkshire Hathaway Inc.\",\n",
    "    \"UNH\": \"UnitedHealth Group Incorporated\",\n",
    "    \"UPS\": \"United Parcel Service, Inc.\",\n",
    "    \"AMT\": \"American Tower Corporation\",\n",
    "    \"AAPL\": \"Apple Inc.\",\n",
    "    \"NEE\": \"NextEra Energy, Inc.\"\n",
    "}\n",
    "\n",
    "display(returns)\n",
    "print(returns.isnull().sum())"
   ]
  },
  {
   "cell_type": "code",
   "execution_count": 32,
   "id": "f21fcd7f",
   "metadata": {},
   "outputs": [],
   "source": [
    "table = PrettyTable()\n",
    "table.field_names = [\"Ticker\", \"Company Name\", \"Market Cap\", \"Industry\"]"
   ]
  },
  {
   "cell_type": "code",
   "execution_count": 33,
   "id": "4db451aa",
   "metadata": {},
   "outputs": [
    {
     "data": {
      "text/html": [
       "<table>\n",
       "    <thead>\n",
       "        <tr>\n",
       "            <th>Ticker</th>\n",
       "            <th>Company Name</th>\n",
       "            <th>Market Cap</th>\n",
       "            <th>Industry</th>\n",
       "        </tr>\n",
       "    </thead>\n",
       "    <tbody>\n",
       "        <tr>\n",
       "            <td>AAPL</td>\n",
       "            <td>Apple Inc.</td>\n",
       "            <td>2876308979712</td>\n",
       "            <td>Consumer Electronics</td>\n",
       "        </tr>\n",
       "        <tr>\n",
       "            <td>AMT</td>\n",
       "            <td>American Tower Corporation</td>\n",
       "            <td>89333456896</td>\n",
       "            <td>REIT—Specialty</td>\n",
       "        </tr>\n",
       "        <tr>\n",
       "            <td>AMZN</td>\n",
       "            <td>Amazon.com, Inc.</td>\n",
       "            <td>1273315590144</td>\n",
       "            <td>Internet Retail</td>\n",
       "        </tr>\n",
       "        <tr>\n",
       "            <td>BHP.AX</td>\n",
       "            <td>BHP Group Limited</td>\n",
       "            <td>315623440384</td>\n",
       "            <td>Other Industrial Metals &amp; Mining</td>\n",
       "        </tr>\n",
       "        <tr>\n",
       "            <td>BRK-A</td>\n",
       "            <td>Berkshire Hathaway Inc.</td>\n",
       "            <td>717682049024</td>\n",
       "            <td>Insurance—Diversified</td>\n",
       "        </tr>\n",
       "        <tr>\n",
       "            <td>GOOGL</td>\n",
       "            <td>Alphabet.com, Inc.</td>\n",
       "            <td>1597549969408</td>\n",
       "            <td>Internet Content &amp; Information</td>\n",
       "        </tr>\n",
       "        <tr>\n",
       "            <td>NEE</td>\n",
       "            <td>NextEra Energy, Inc.</td>\n",
       "            <td>150805495808</td>\n",
       "            <td>Utilities—Regulated Electric</td>\n",
       "        </tr>\n",
       "        <tr>\n",
       "            <td>UNH</td>\n",
       "            <td>UnitedHealth Group Incorporated</td>\n",
       "            <td>466684444672</td>\n",
       "            <td>Healthcare Plans</td>\n",
       "        </tr>\n",
       "        <tr>\n",
       "            <td>UPS</td>\n",
       "            <td>United Parcel Service, Inc.</td>\n",
       "            <td>144706928640</td>\n",
       "            <td>Integrated Freight &amp; Logistics</td>\n",
       "        </tr>\n",
       "        <tr>\n",
       "            <td>WMT</td>\n",
       "            <td>Walmart Inc.</td>\n",
       "            <td>405924184064</td>\n",
       "            <td>Discount Stores</td>\n",
       "        </tr>\n",
       "        <tr>\n",
       "            <td>XOM</td>\n",
       "            <td>Exxon Mobil Corporation</td>\n",
       "            <td>430779957248</td>\n",
       "            <td>Oil &amp; Gas Integrated</td>\n",
       "        </tr>\n",
       "    </tbody>\n",
       "</table>"
      ],
      "text/plain": [
       "+--------+---------------------------------+---------------+----------------------------------+\n",
       "| Ticker |           Company Name          |   Market Cap  |             Industry             |\n",
       "+--------+---------------------------------+---------------+----------------------------------+\n",
       "|  AAPL  |            Apple Inc.           | 2876308979712 |       Consumer Electronics       |\n",
       "|  AMT   |    American Tower Corporation   |  89333456896  |          REIT—Specialty          |\n",
       "|  AMZN  |         Amazon.com, Inc.        | 1273315590144 |         Internet Retail          |\n",
       "| BHP.AX |        BHP Group Limited        |  315623440384 | Other Industrial Metals & Mining |\n",
       "| BRK-A  |     Berkshire Hathaway Inc.     |  717682049024 |      Insurance—Diversified       |\n",
       "| GOOGL  |        Alphabet.com, Inc.       | 1597549969408 |  Internet Content & Information  |\n",
       "|  NEE   |       NextEra Energy, Inc.      |  150805495808 |   Utilities—Regulated Electric   |\n",
       "|  UNH   | UnitedHealth Group Incorporated |  466684444672 |         Healthcare Plans         |\n",
       "|  UPS   |   United Parcel Service, Inc.   |  144706928640 |  Integrated Freight & Logistics  |\n",
       "|  WMT   |           Walmart Inc.          |  405924184064 |         Discount Stores          |\n",
       "|  XOM   |     Exxon Mobil Corporation     |  430779957248 |       Oil & Gas Integrated       |\n",
       "+--------+---------------------------------+---------------+----------------------------------+"
      ]
     },
     "metadata": {},
     "output_type": "display_data"
    }
   ],
   "source": [
    "for ticker in returns.columns:\n",
    "    company_name = companies.get(ticker, \"N/A\")\n",
    "    market_cap = yf.Ticker(ticker).info.get(\"marketCap\", \"N/A\")\n",
    "    industry = yf.Ticker(ticker).info.get(\"industry\", \"N/A\")\n",
    "    table.add_row([ticker, company_name, market_cap, industry])\n",
    "\n",
    "# Display the table\n",
    "display(table)"
   ]
  },
  {
   "cell_type": "code",
   "execution_count": 34,
   "id": "26d3b779",
   "metadata": {},
   "outputs": [
    {
     "data": {
      "text/html": [
       "<table>\n",
       "    <thead>\n",
       "        <tr>\n",
       "            <th>Stock</th>\n",
       "            <th>Max</th>\n",
       "            <th>Min</th>\n",
       "            <th>Mean</th>\n",
       "            <th>Standard Deviation</th>\n",
       "            <th>Cumulative Return</th>\n",
       "            <th>Skewness</th>\n",
       "            <th>Kurtosis</th>\n",
       "        </tr>\n",
       "    </thead>\n",
       "    <tbody>\n",
       "        <tr>\n",
       "            <td>Apple Inc.</td>\n",
       "            <td>0.1198</td>\n",
       "            <td>-0.1286</td>\n",
       "            <td>0.0022</td>\n",
       "            <td>0.0212</td>\n",
       "            <td>3.6908</td>\n",
       "            <td>-0.1580</td>\n",
       "            <td>6.3978</td>\n",
       "        </tr>\n",
       "        <tr>\n",
       "            <td>American Tower Corpo</td>\n",
       "            <td>0.1222</td>\n",
       "            <td>-0.1516</td>\n",
       "            <td>0.0010</td>\n",
       "            <td>0.0186</td>\n",
       "            <td>0.9511</td>\n",
       "            <td>0.1135</td>\n",
       "            <td>12.4331</td>\n",
       "        </tr>\n",
       "        <tr>\n",
       "            <td>Amazon.com, Inc.</td>\n",
       "            <td>0.0793</td>\n",
       "            <td>-0.0792</td>\n",
       "            <td>0.0012</td>\n",
       "            <td>0.0183</td>\n",
       "            <td>1.2013</td>\n",
       "            <td>0.0826</td>\n",
       "            <td>2.6864</td>\n",
       "        </tr>\n",
       "        <tr>\n",
       "            <td>BHP Group Limited</td>\n",
       "            <td>0.1194</td>\n",
       "            <td>-0.1441</td>\n",
       "            <td>0.0007</td>\n",
       "            <td>0.0186</td>\n",
       "            <td>0.5501</td>\n",
       "            <td>-0.2436</td>\n",
       "            <td>8.4156</td>\n",
       "        </tr>\n",
       "        <tr>\n",
       "            <td>Berkshire Hathaway I</td>\n",
       "            <td>0.1129</td>\n",
       "            <td>-0.0855</td>\n",
       "            <td>0.0006</td>\n",
       "            <td>0.0141</td>\n",
       "            <td>0.4878</td>\n",
       "            <td>-0.1368</td>\n",
       "            <td>11.1625</td>\n",
       "        </tr>\n",
       "        <tr>\n",
       "            <td>Alphabet.com, Inc.</td>\n",
       "            <td>0.0962</td>\n",
       "            <td>-0.1163</td>\n",
       "            <td>0.0015</td>\n",
       "            <td>0.0184</td>\n",
       "            <td>1.7852</td>\n",
       "            <td>-0.0717</td>\n",
       "            <td>6.2771</td>\n",
       "        </tr>\n",
       "        <tr>\n",
       "            <td>NextEra Energy, Inc.</td>\n",
       "            <td>0.1369</td>\n",
       "            <td>-0.1342</td>\n",
       "            <td>0.0012</td>\n",
       "            <td>0.0177</td>\n",
       "            <td>1.3122</td>\n",
       "            <td>0.0445</td>\n",
       "            <td>13.8649</td>\n",
       "        </tr>\n",
       "        <tr>\n",
       "            <td>UnitedHealth Group I</td>\n",
       "            <td>0.1280</td>\n",
       "            <td>-0.1728</td>\n",
       "            <td>0.0012</td>\n",
       "            <td>0.0207</td>\n",
       "            <td>1.1791</td>\n",
       "            <td>-0.1155</td>\n",
       "            <td>13.1818</td>\n",
       "        </tr>\n",
       "        <tr>\n",
       "            <td>United Parcel Servic</td>\n",
       "            <td>0.1438</td>\n",
       "            <td>-0.0882</td>\n",
       "            <td>0.0013</td>\n",
       "            <td>0.0193</td>\n",
       "            <td>1.4151</td>\n",
       "            <td>0.8728</td>\n",
       "            <td>9.0257</td>\n",
       "        </tr>\n",
       "        <tr>\n",
       "            <td>Walmart Inc.</td>\n",
       "            <td>0.1171</td>\n",
       "            <td>-0.0907</td>\n",
       "            <td>0.0007</td>\n",
       "            <td>0.0138</td>\n",
       "            <td>0.6123</td>\n",
       "            <td>1.0971</td>\n",
       "            <td>15.4811</td>\n",
       "        </tr>\n",
       "        <tr>\n",
       "            <td>Exxon Mobil Corporat</td>\n",
       "            <td>0.1269</td>\n",
       "            <td>-0.1222</td>\n",
       "            <td>0.0003</td>\n",
       "            <td>0.0227</td>\n",
       "            <td>0.0543</td>\n",
       "            <td>0.1511</td>\n",
       "            <td>5.7734</td>\n",
       "        </tr>\n",
       "    </tbody>\n",
       "</table>"
      ],
      "text/plain": [
       "+----------------------+--------+---------+--------+--------------------+-------------------+----------+----------+\n",
       "|        Stock         |  Max   |   Min   |  Mean  | Standard Deviation | Cumulative Return | Skewness | Kurtosis |\n",
       "+----------------------+--------+---------+--------+--------------------+-------------------+----------+----------+\n",
       "|      Apple Inc.      | 0.1198 | -0.1286 | 0.0022 |       0.0212       |       3.6908      | -0.1580  |  6.3978  |\n",
       "| American Tower Corpo | 0.1222 | -0.1516 | 0.0010 |       0.0186       |       0.9511      |  0.1135  | 12.4331  |\n",
       "|   Amazon.com, Inc.   | 0.0793 | -0.0792 | 0.0012 |       0.0183       |       1.2013      |  0.0826  |  2.6864  |\n",
       "|  BHP Group Limited   | 0.1194 | -0.1441 | 0.0007 |       0.0186       |       0.5501      | -0.2436  |  8.4156  |\n",
       "| Berkshire Hathaway I | 0.1129 | -0.0855 | 0.0006 |       0.0141       |       0.4878      | -0.1368  | 11.1625  |\n",
       "|  Alphabet.com, Inc.  | 0.0962 | -0.1163 | 0.0015 |       0.0184       |       1.7852      | -0.0717  |  6.2771  |\n",
       "| NextEra Energy, Inc. | 0.1369 | -0.1342 | 0.0012 |       0.0177       |       1.3122      |  0.0445  | 13.8649  |\n",
       "| UnitedHealth Group I | 0.1280 | -0.1728 | 0.0012 |       0.0207       |       1.1791      | -0.1155  | 13.1818  |\n",
       "| United Parcel Servic | 0.1438 | -0.0882 | 0.0013 |       0.0193       |       1.4151      |  0.8728  |  9.0257  |\n",
       "|     Walmart Inc.     | 0.1171 | -0.0907 | 0.0007 |       0.0138       |       0.6123      |  1.0971  | 15.4811  |\n",
       "| Exxon Mobil Corporat | 0.1269 | -0.1222 | 0.0003 |       0.0227       |       0.0543      |  0.1511  |  5.7734  |\n",
       "+----------------------+--------+---------+--------+--------------------+-------------------+----------+----------+"
      ]
     },
     "metadata": {},
     "output_type": "display_data"
    }
   ],
   "source": [
    "from scipy.stats import skew, kurtosis\n",
    "from prettytable import PrettyTable\n",
    "\n",
    "table = PrettyTable()\n",
    "table.field_names = [\"Stock\", \"Max\", \"Min\", \"Mean\", \"Standard Deviation\", \"Cumulative Return\", \"Skewness\", \"Kurtosis\"]\n",
    "\n",
    "for ticker in returns.columns:\n",
    "    stock_name = companies.get(ticker, \"N/A\")\n",
    "    max_return = returns[ticker].max()\n",
    "    min_return = returns[ticker].min()\n",
    "    mean_return = returns[ticker].mean()\n",
    "    std_return = returns[ticker].std()\n",
    "    cumulative_return = (1 + returns[ticker]).cumprod().iloc[-1] - 1\n",
    "    skewness = skew(returns[ticker].dropna())\n",
    "    kurt = kurtosis(returns[ticker].dropna())\n",
    "    \n",
    "    table.add_row([stock_name[:20], f\"{max_return:.4f}\", f\"{min_return:.4f}\", f\"{mean_return:.4f}\", f\"{std_return:.4f}\",\n",
    "                   f\"{cumulative_return:.4f}\", f\"{skewness:.4f}\", f\"{kurt:.4f}\"])\n",
    "\n",
    "display(table)"
   ]
  },
  {
   "cell_type": "code",
   "execution_count": 35,
   "id": "6c8abf5c",
   "metadata": {},
   "outputs": [
    {
     "data": {
      "text/html": [
       "<div>\n",
       "<style scoped>\n",
       "    .dataframe tbody tr th:only-of-type {\n",
       "        vertical-align: middle;\n",
       "    }\n",
       "\n",
       "    .dataframe tbody tr th {\n",
       "        vertical-align: top;\n",
       "    }\n",
       "\n",
       "    .dataframe thead th {\n",
       "        text-align: right;\n",
       "    }\n",
       "</style>\n",
       "<table border=\"1\" class=\"dataframe\">\n",
       "  <thead>\n",
       "    <tr style=\"text-align: right;\">\n",
       "      <th></th>\n",
       "      <th>AAPL</th>\n",
       "      <th>AMT</th>\n",
       "      <th>AMZN</th>\n",
       "      <th>BHP.AX</th>\n",
       "      <th>BRK-A</th>\n",
       "      <th>GOOGL</th>\n",
       "      <th>NEE</th>\n",
       "      <th>UNH</th>\n",
       "      <th>UPS</th>\n",
       "      <th>WMT</th>\n",
       "      <th>XOM</th>\n",
       "    </tr>\n",
       "  </thead>\n",
       "  <tbody>\n",
       "    <tr>\n",
       "      <th>AAPL</th>\n",
       "      <td>0.000451</td>\n",
       "      <td>0.000185</td>\n",
       "      <td>0.000254</td>\n",
       "      <td>0.000078</td>\n",
       "      <td>0.000160</td>\n",
       "      <td>0.000262</td>\n",
       "      <td>0.000167</td>\n",
       "      <td>0.000217</td>\n",
       "      <td>0.000192</td>\n",
       "      <td>0.000124</td>\n",
       "      <td>0.000175</td>\n",
       "    </tr>\n",
       "    <tr>\n",
       "      <th>AMT</th>\n",
       "      <td>0.000185</td>\n",
       "      <td>0.000345</td>\n",
       "      <td>0.000124</td>\n",
       "      <td>0.000065</td>\n",
       "      <td>0.000120</td>\n",
       "      <td>0.000155</td>\n",
       "      <td>0.000218</td>\n",
       "      <td>0.000195</td>\n",
       "      <td>0.000136</td>\n",
       "      <td>0.000110</td>\n",
       "      <td>0.000122</td>\n",
       "    </tr>\n",
       "    <tr>\n",
       "      <th>AMZN</th>\n",
       "      <td>0.000254</td>\n",
       "      <td>0.000124</td>\n",
       "      <td>0.000334</td>\n",
       "      <td>0.000066</td>\n",
       "      <td>0.000081</td>\n",
       "      <td>0.000217</td>\n",
       "      <td>0.000102</td>\n",
       "      <td>0.000132</td>\n",
       "      <td>0.000127</td>\n",
       "      <td>0.000090</td>\n",
       "      <td>0.000084</td>\n",
       "    </tr>\n",
       "    <tr>\n",
       "      <th>BHP.AX</th>\n",
       "      <td>0.000078</td>\n",
       "      <td>0.000065</td>\n",
       "      <td>0.000066</td>\n",
       "      <td>0.000347</td>\n",
       "      <td>0.000071</td>\n",
       "      <td>0.000061</td>\n",
       "      <td>0.000061</td>\n",
       "      <td>0.000092</td>\n",
       "      <td>0.000057</td>\n",
       "      <td>0.000036</td>\n",
       "      <td>0.000127</td>\n",
       "    </tr>\n",
       "    <tr>\n",
       "      <th>BRK-A</th>\n",
       "      <td>0.000160</td>\n",
       "      <td>0.000120</td>\n",
       "      <td>0.000081</td>\n",
       "      <td>0.000071</td>\n",
       "      <td>0.000198</td>\n",
       "      <td>0.000137</td>\n",
       "      <td>0.000129</td>\n",
       "      <td>0.000176</td>\n",
       "      <td>0.000135</td>\n",
       "      <td>0.000073</td>\n",
       "      <td>0.000217</td>\n",
       "    </tr>\n",
       "    <tr>\n",
       "      <th>GOOGL</th>\n",
       "      <td>0.000262</td>\n",
       "      <td>0.000155</td>\n",
       "      <td>0.000217</td>\n",
       "      <td>0.000061</td>\n",
       "      <td>0.000137</td>\n",
       "      <td>0.000340</td>\n",
       "      <td>0.000146</td>\n",
       "      <td>0.000200</td>\n",
       "      <td>0.000148</td>\n",
       "      <td>0.000097</td>\n",
       "      <td>0.000184</td>\n",
       "    </tr>\n",
       "    <tr>\n",
       "      <th>NEE</th>\n",
       "      <td>0.000167</td>\n",
       "      <td>0.000218</td>\n",
       "      <td>0.000102</td>\n",
       "      <td>0.000061</td>\n",
       "      <td>0.000129</td>\n",
       "      <td>0.000146</td>\n",
       "      <td>0.000312</td>\n",
       "      <td>0.000179</td>\n",
       "      <td>0.000120</td>\n",
       "      <td>0.000110</td>\n",
       "      <td>0.000135</td>\n",
       "    </tr>\n",
       "    <tr>\n",
       "      <th>UNH</th>\n",
       "      <td>0.000217</td>\n",
       "      <td>0.000195</td>\n",
       "      <td>0.000132</td>\n",
       "      <td>0.000092</td>\n",
       "      <td>0.000176</td>\n",
       "      <td>0.000200</td>\n",
       "      <td>0.000179</td>\n",
       "      <td>0.000427</td>\n",
       "      <td>0.000165</td>\n",
       "      <td>0.000103</td>\n",
       "      <td>0.000209</td>\n",
       "    </tr>\n",
       "    <tr>\n",
       "      <th>UPS</th>\n",
       "      <td>0.000192</td>\n",
       "      <td>0.000136</td>\n",
       "      <td>0.000127</td>\n",
       "      <td>0.000057</td>\n",
       "      <td>0.000135</td>\n",
       "      <td>0.000148</td>\n",
       "      <td>0.000120</td>\n",
       "      <td>0.000165</td>\n",
       "      <td>0.000373</td>\n",
       "      <td>0.000100</td>\n",
       "      <td>0.000160</td>\n",
       "    </tr>\n",
       "    <tr>\n",
       "      <th>WMT</th>\n",
       "      <td>0.000124</td>\n",
       "      <td>0.000110</td>\n",
       "      <td>0.000090</td>\n",
       "      <td>0.000036</td>\n",
       "      <td>0.000073</td>\n",
       "      <td>0.000097</td>\n",
       "      <td>0.000110</td>\n",
       "      <td>0.000103</td>\n",
       "      <td>0.000100</td>\n",
       "      <td>0.000191</td>\n",
       "      <td>0.000069</td>\n",
       "    </tr>\n",
       "    <tr>\n",
       "      <th>XOM</th>\n",
       "      <td>0.000175</td>\n",
       "      <td>0.000122</td>\n",
       "      <td>0.000084</td>\n",
       "      <td>0.000127</td>\n",
       "      <td>0.000217</td>\n",
       "      <td>0.000184</td>\n",
       "      <td>0.000135</td>\n",
       "      <td>0.000209</td>\n",
       "      <td>0.000160</td>\n",
       "      <td>0.000069</td>\n",
       "      <td>0.000517</td>\n",
       "    </tr>\n",
       "  </tbody>\n",
       "</table>\n",
       "</div>"
      ],
      "text/plain": [
       "            AAPL       AMT      AMZN    BHP.AX     BRK-A     GOOGL       NEE  \\\n",
       "AAPL    0.000451  0.000185  0.000254  0.000078  0.000160  0.000262  0.000167   \n",
       "AMT     0.000185  0.000345  0.000124  0.000065  0.000120  0.000155  0.000218   \n",
       "AMZN    0.000254  0.000124  0.000334  0.000066  0.000081  0.000217  0.000102   \n",
       "BHP.AX  0.000078  0.000065  0.000066  0.000347  0.000071  0.000061  0.000061   \n",
       "BRK-A   0.000160  0.000120  0.000081  0.000071  0.000198  0.000137  0.000129   \n",
       "GOOGL   0.000262  0.000155  0.000217  0.000061  0.000137  0.000340  0.000146   \n",
       "NEE     0.000167  0.000218  0.000102  0.000061  0.000129  0.000146  0.000312   \n",
       "UNH     0.000217  0.000195  0.000132  0.000092  0.000176  0.000200  0.000179   \n",
       "UPS     0.000192  0.000136  0.000127  0.000057  0.000135  0.000148  0.000120   \n",
       "WMT     0.000124  0.000110  0.000090  0.000036  0.000073  0.000097  0.000110   \n",
       "XOM     0.000175  0.000122  0.000084  0.000127  0.000217  0.000184  0.000135   \n",
       "\n",
       "             UNH       UPS       WMT       XOM  \n",
       "AAPL    0.000217  0.000192  0.000124  0.000175  \n",
       "AMT     0.000195  0.000136  0.000110  0.000122  \n",
       "AMZN    0.000132  0.000127  0.000090  0.000084  \n",
       "BHP.AX  0.000092  0.000057  0.000036  0.000127  \n",
       "BRK-A   0.000176  0.000135  0.000073  0.000217  \n",
       "GOOGL   0.000200  0.000148  0.000097  0.000184  \n",
       "NEE     0.000179  0.000120  0.000110  0.000135  \n",
       "UNH     0.000427  0.000165  0.000103  0.000209  \n",
       "UPS     0.000165  0.000373  0.000100  0.000160  \n",
       "WMT     0.000103  0.000100  0.000191  0.000069  \n",
       "XOM     0.000209  0.000160  0.000069  0.000517  "
      ]
     },
     "metadata": {},
     "output_type": "display_data"
    }
   ],
   "source": [
    "covariance_matrix = returns.cov()\n",
    "display(covariance_matrix)"
   ]
  },
  {
   "cell_type": "code",
   "execution_count": 36,
   "id": "acd248f0",
   "metadata": {},
   "outputs": [
    {
     "data": {
      "text/html": [
       "<div>\n",
       "<style scoped>\n",
       "    .dataframe tbody tr th:only-of-type {\n",
       "        vertical-align: middle;\n",
       "    }\n",
       "\n",
       "    .dataframe tbody tr th {\n",
       "        vertical-align: top;\n",
       "    }\n",
       "\n",
       "    .dataframe thead th {\n",
       "        text-align: right;\n",
       "    }\n",
       "</style>\n",
       "<table border=\"1\" class=\"dataframe\">\n",
       "  <thead>\n",
       "    <tr style=\"text-align: right;\">\n",
       "      <th></th>\n",
       "      <th>AAPL</th>\n",
       "      <th>AMT</th>\n",
       "      <th>AMZN</th>\n",
       "      <th>BHP.AX</th>\n",
       "      <th>BRK-A</th>\n",
       "      <th>GOOGL</th>\n",
       "      <th>NEE</th>\n",
       "      <th>UNH</th>\n",
       "      <th>UPS</th>\n",
       "      <th>WMT</th>\n",
       "      <th>XOM</th>\n",
       "    </tr>\n",
       "  </thead>\n",
       "  <tbody>\n",
       "    <tr>\n",
       "      <th>AAPL</th>\n",
       "      <td>1.000000</td>\n",
       "      <td>0.468995</td>\n",
       "      <td>0.655124</td>\n",
       "      <td>0.196640</td>\n",
       "      <td>0.533886</td>\n",
       "      <td>0.669388</td>\n",
       "      <td>0.445861</td>\n",
       "      <td>0.494261</td>\n",
       "      <td>0.468640</td>\n",
       "      <td>0.423241</td>\n",
       "      <td>0.361883</td>\n",
       "    </tr>\n",
       "    <tr>\n",
       "      <th>AMT</th>\n",
       "      <td>0.468995</td>\n",
       "      <td>1.000000</td>\n",
       "      <td>0.366185</td>\n",
       "      <td>0.186976</td>\n",
       "      <td>0.457786</td>\n",
       "      <td>0.451452</td>\n",
       "      <td>0.664186</td>\n",
       "      <td>0.508896</td>\n",
       "      <td>0.380062</td>\n",
       "      <td>0.427515</td>\n",
       "      <td>0.288620</td>\n",
       "    </tr>\n",
       "    <tr>\n",
       "      <th>AMZN</th>\n",
       "      <td>0.655124</td>\n",
       "      <td>0.366185</td>\n",
       "      <td>1.000000</td>\n",
       "      <td>0.194220</td>\n",
       "      <td>0.314635</td>\n",
       "      <td>0.642655</td>\n",
       "      <td>0.317417</td>\n",
       "      <td>0.349586</td>\n",
       "      <td>0.358212</td>\n",
       "      <td>0.358052</td>\n",
       "      <td>0.200872</td>\n",
       "    </tr>\n",
       "    <tr>\n",
       "      <th>BHP.AX</th>\n",
       "      <td>0.196640</td>\n",
       "      <td>0.186976</td>\n",
       "      <td>0.194220</td>\n",
       "      <td>1.000000</td>\n",
       "      <td>0.268983</td>\n",
       "      <td>0.177446</td>\n",
       "      <td>0.186267</td>\n",
       "      <td>0.237846</td>\n",
       "      <td>0.158457</td>\n",
       "      <td>0.138802</td>\n",
       "      <td>0.299084</td>\n",
       "    </tr>\n",
       "    <tr>\n",
       "      <th>BRK-A</th>\n",
       "      <td>0.533886</td>\n",
       "      <td>0.457786</td>\n",
       "      <td>0.314635</td>\n",
       "      <td>0.268983</td>\n",
       "      <td>1.000000</td>\n",
       "      <td>0.526654</td>\n",
       "      <td>0.519047</td>\n",
       "      <td>0.604298</td>\n",
       "      <td>0.495471</td>\n",
       "      <td>0.375087</td>\n",
       "      <td>0.677843</td>\n",
       "    </tr>\n",
       "    <tr>\n",
       "      <th>GOOGL</th>\n",
       "      <td>0.669388</td>\n",
       "      <td>0.451452</td>\n",
       "      <td>0.642655</td>\n",
       "      <td>0.177446</td>\n",
       "      <td>0.526654</td>\n",
       "      <td>1.000000</td>\n",
       "      <td>0.450031</td>\n",
       "      <td>0.523976</td>\n",
       "      <td>0.415218</td>\n",
       "      <td>0.380906</td>\n",
       "      <td>0.437639</td>\n",
       "    </tr>\n",
       "    <tr>\n",
       "      <th>NEE</th>\n",
       "      <td>0.445861</td>\n",
       "      <td>0.664186</td>\n",
       "      <td>0.317417</td>\n",
       "      <td>0.186267</td>\n",
       "      <td>0.519047</td>\n",
       "      <td>0.450031</td>\n",
       "      <td>1.000000</td>\n",
       "      <td>0.489431</td>\n",
       "      <td>0.352855</td>\n",
       "      <td>0.451516</td>\n",
       "      <td>0.337112</td>\n",
       "    </tr>\n",
       "    <tr>\n",
       "      <th>UNH</th>\n",
       "      <td>0.494261</td>\n",
       "      <td>0.508896</td>\n",
       "      <td>0.349586</td>\n",
       "      <td>0.237846</td>\n",
       "      <td>0.604298</td>\n",
       "      <td>0.523976</td>\n",
       "      <td>0.489431</td>\n",
       "      <td>1.000000</td>\n",
       "      <td>0.413805</td>\n",
       "      <td>0.360607</td>\n",
       "      <td>0.445368</td>\n",
       "    </tr>\n",
       "    <tr>\n",
       "      <th>UPS</th>\n",
       "      <td>0.468640</td>\n",
       "      <td>0.380062</td>\n",
       "      <td>0.358212</td>\n",
       "      <td>0.158457</td>\n",
       "      <td>0.495471</td>\n",
       "      <td>0.415218</td>\n",
       "      <td>0.352855</td>\n",
       "      <td>0.413805</td>\n",
       "      <td>1.000000</td>\n",
       "      <td>0.376151</td>\n",
       "      <td>0.364204</td>\n",
       "    </tr>\n",
       "    <tr>\n",
       "      <th>WMT</th>\n",
       "      <td>0.423241</td>\n",
       "      <td>0.427515</td>\n",
       "      <td>0.358052</td>\n",
       "      <td>0.138802</td>\n",
       "      <td>0.375087</td>\n",
       "      <td>0.380906</td>\n",
       "      <td>0.451516</td>\n",
       "      <td>0.360607</td>\n",
       "      <td>0.376151</td>\n",
       "      <td>1.000000</td>\n",
       "      <td>0.219764</td>\n",
       "    </tr>\n",
       "    <tr>\n",
       "      <th>XOM</th>\n",
       "      <td>0.361883</td>\n",
       "      <td>0.288620</td>\n",
       "      <td>0.200872</td>\n",
       "      <td>0.299084</td>\n",
       "      <td>0.677843</td>\n",
       "      <td>0.437639</td>\n",
       "      <td>0.337112</td>\n",
       "      <td>0.445368</td>\n",
       "      <td>0.364204</td>\n",
       "      <td>0.219764</td>\n",
       "      <td>1.000000</td>\n",
       "    </tr>\n",
       "  </tbody>\n",
       "</table>\n",
       "</div>"
      ],
      "text/plain": [
       "            AAPL       AMT      AMZN    BHP.AX     BRK-A     GOOGL       NEE  \\\n",
       "AAPL    1.000000  0.468995  0.655124  0.196640  0.533886  0.669388  0.445861   \n",
       "AMT     0.468995  1.000000  0.366185  0.186976  0.457786  0.451452  0.664186   \n",
       "AMZN    0.655124  0.366185  1.000000  0.194220  0.314635  0.642655  0.317417   \n",
       "BHP.AX  0.196640  0.186976  0.194220  1.000000  0.268983  0.177446  0.186267   \n",
       "BRK-A   0.533886  0.457786  0.314635  0.268983  1.000000  0.526654  0.519047   \n",
       "GOOGL   0.669388  0.451452  0.642655  0.177446  0.526654  1.000000  0.450031   \n",
       "NEE     0.445861  0.664186  0.317417  0.186267  0.519047  0.450031  1.000000   \n",
       "UNH     0.494261  0.508896  0.349586  0.237846  0.604298  0.523976  0.489431   \n",
       "UPS     0.468640  0.380062  0.358212  0.158457  0.495471  0.415218  0.352855   \n",
       "WMT     0.423241  0.427515  0.358052  0.138802  0.375087  0.380906  0.451516   \n",
